"","000_Ars","000_DsbA","000_DsbC","000_Grx1","000_Grx4_1","000_NrdH","000_Trx","001","002","003","004","005","006","007","008","009","010","011","012","013","014","015","016","017","018","019","020","021","022","023","024","025","026","027","028","029","030","031","032","033","034","035","036","037","038","039","040","041","042","043","044","045","046","047","048","049","050","051","052","053","054","055","056","057","058","059","060","062","063","064","065","066","067","068","069","070","071","072","073","074","075","076","077","078","079","081","082","083","084","085","086","087","088","089","090","091","092","093","095","097","098","099","100","101","102","103"
"000_Ars",0,20.0725154876709,27.9272727966309,39.6901397705078,26.3596487045288,40.9620866775513,46.3013706207275,21.3556003570557,54.4871807098389,22.6159896850586,20.7172431945801,26.9548788070679,25.2227535247803,19.8297033309937,24.2438793182373,41.7631587982178,43.6901397705078,28.218132019043,24.0350284576416,54.8776569366455,19.4336280822754,19.5658407211304,29.4353132247925,23.1927537918091,23.8733797073364,36.5944442749023,27.6408624649048,22.2605619430542,33.0803565979004,36.7753086090088,37.267276763916,33.1005439758301,24.9085330963135,32.6708869934082,19.399302482605,27.528374671936,29.9556283950806,29.0525417327881,21.712963104248,17.2715187072754,21.3747644424438,28.2647047042847,26.3374967575073,24.0814723968506,29.8361577987671,31.6888885498047,36.0431823730469,24.1940336227417,21.7841215133667,34.0775852203369,22.1226625442505,25.6453227996826,27.0223903656006,33.6774196624756,19.1583557128906,37.7435894012451,19.1574926376343,22.6717510223389,20.1125230789185,28.5106163024902,21.3635149002075,27.1285743713379,49.7361106872559,59.9178085327148,22.2499561309814,29.2151908874512,40.9504919052124,25.3828907012939,24.0577039718628,23.5,32.0868072509766,46.3333339691162,25.2912826538086,43.0945949554443,23.9415311813354,23.5691204071045,23.0496654510498,50,30.0978231430054,31.2500009536743,25.5709848403931,35.2740116119385,24.3598127365112,28.0879955291748,25.0859842300415,35.6610174179077,24.2727708816528,23.3970422744751,30.4199991226196,19.8181810379028,59.4366188049316,26.6709823608398,30.5148515701294,38.8815946578979,24.8280401229858,20.9050397872925,29.110764503479,33.4041652679443,44.6456823348999,22.7690229415894,31.5482597351074,25.8950242996216,25.9140796661377,26.8618793487549,23.7438859939575,39.8428344726562
"000_DsbA",20.0725154876709,0,32.4572505950928,54.840425491333,28.6473245620728,51.5223960876465,39.2669067382812,23.2843141555786,48.7042255401611,21.4418659210205,30.4113473892212,21.9559135437012,29.1040802001953,30.517951965332,35.2553195953369,54.9577445983887,36.6494817733765,28.9468088150024,27.9742660522461,64.4477062225342,26.4255313873291,22.3523044586182,35.3470630645752,28.5695676803589,25.0337924957275,29.3211221694946,28.3232402801514,21.1807498931885,34.3161869049072,49.86745262146,39.7480392456055,49.9164695739746,29.3074111938477,25.9861106872559,28.1932058334351,32.0215063095093,22.8529767990112,38.8432636260986,25.542552947998,21.4530668258667,20.8286056518555,29.9846210479736,29.8402376174927,22.8878355026245,40.4805393218994,27.651162147522,42.3333339691162,29.362720489502,21.7939529418945,39.0764560699463,26.5335912704468,31.5197010040283,32.2928810119629,37.7738094329834,21.695686340332,44.6301364898682,23.6374549865723,25.033278465271,23.1200609207153,37.1118764877319,22.5520715713501,24.6318502426147,42.4255313873291,21.7462873458862,32.3931789398193,38.6533317565918,60.1830921173096,26.8656606674194,36.3458042144775,25.9946308135986,32.8041982650757,38.8471755981445,24.1186418533325,37.3135986328125,26.0945329666138,31.8515481948853,26.5064325332642,32.9425363540649,50.9678211212158,35.5294122695923,41.8286304473877,55.5529193878174,33.7366065979004,31.0696229934692,43.6569442749023,51.340425491333,25.9855551719666,27.6489362716675,35.5411767959595,26.2354984283447,34.5357980728149,32.8182239532471,33.6813182830811,46.7771949768066,26.2887830734253,25.3514785766602,21.6908979415894,28.9166669845581,57.7077007293701,25.2340421676636,31.7240428924561,27.8848915100098,25.4567098617554,47.6823425292969,20.1859169006348,30.8567266464233
"000_DsbC",27.9272727966309,32.4572505950928,0,32.4830369949341,20.1836738586426,38.2972135543823,26.8315105438232,23.4674921035767,26.7002248764038,35.3533563613892,24.7905187606812,28.3942308425903,32.6392650604248,24.222222328186,27.9816513061523,27.0103092193604,26.0392160415649,29.2813005447388,27.6907215118408,34.4722537994385,25.7502546310425,23.8461542129517,25.695782661438,29.6904306411743,35.7976388931274,35.4127788543701,26.0208330154419,29.3047609329224,31.4623651504517,35.5298376083374,27.502799987793,28.5851135253906,26.7884836196899,31.7163457870483,25.6749620437622,23.1609191894531,28.7011690139771,29.745099067688,29.0874996185303,25.1120195388794,34.1766576766968,29.0672006607056,26.7759170532227,27.9209098815918,25.0833330154419,32.7333335876465,43.6755933761597,26.2750005722046,29.1533432006836,29.4382028579712,29.2222213745117,38.0677242279053,32.798789024353,30.9484539031982,57.3698635101318,25.7264156341553,26.7047080993652,30.9985065460205,27.8313837051392,29.1494255065918,27.2110424041748,35.0833330154419,32.1632280349731,33.4529914855957,22,24.4255313873291,35.0283803939819,26.037709236145,27.3218393325806,27.605263710022,30.0505046844482,26.9328451156616,32.1262130737305,24.2278661727905,28.3531761169434,27.5505046844482,27.3804302215576,26.8865976333618,32.8192081451416,26.6105270385742,29.3174390792847,32.92835521698,28.9326457977295,24.0971784591675,28.6666326522827,30.1749992370605,20.6666669845581,19.3643865585327,24.7708339691162,24.5108690261841,23.2164945602417,29.6000003814697,27.0408163070679,33.4340591430664,30.1891098022461,26.5505475997925,27.8073396682739,29.8383502960205,40.1105117797852,29.1484575271606,26.1166038513184,28.301230430603,32.327018737793,29.9335222244263,29.2752380371094,25.0982141494751
"000_Grx1",39.6901397705078,54.840425491333,32.4830369949341,0,44.021276473999,36.136155128479,24.8076505661011,47.9509811401367,33.1381044387817,47.1589298248291,44.0992565155029,24.9066667556763,49.5912666320801,30.9756097793579,37.245153427124,35.0689649581909,41.7195129394531,55.5319137573242,34.7011489868164,27.493857383728,47.273286819458,36.6052627563477,29.2156934738159,59.477165222168,32.5555543899536,62.0673751831055,40.1511631011963,42.1909828186035,44.6590900421143,33.2935018539429,59.0795078277588,25.5809259414673,31.9179515838623,24.3510637283325,50.473690032959,38.2658224105835,25.8028163909912,34.0151720046997,51.9414901733398,47.1428871154785,59.7888870239258,58.7158946990967,31.6560277938843,48.9382514953613,28.3076934814453,28.0537176132202,30.0494680404663,53.0449371337891,58.1107501983643,37.0106391906738,55.1773052215576,57.7529544830322,49.937873840332,42.4972496032715,22.5196170806885,33.4382028579712,41.5868968963623,54.97926902771,48.0947589874268,33.0113639831543,29.1549291610718,26.4487180709839,30.680850982666,56.6481990814209,30.1081085205078,33.912088394165,29.1058683395386,44.4774875640869,29.4246578216553,35.9936904907227,37.2804870605469,30.3466033935547,35.3888893127441,30.446346282959,55.1780242919922,53.6184730529785,53.5192966461182,28.8113088607788,34.6618967056274,39.759614944458,24.7040233612061,31.250955581665,44.0056209564209,45.0475730895996,41.3510646820068,23.8915729522705,35.2338695526123,50.2765960693359,43.3171033859253,37.4482765197754,29.2381858825684,29.8571424484253,37.4449214935303,32.6258907318115,43.5146656036377,51.4673938751221,50.2652111053467,61.4890956878662,35.2066049575806,53.042552947998,57.5519161224365,49.7874736785889,31.4444437026978,24.2282571792603,48.1155014038086,30.1265821456909
"000_Grx4_1",26.3596487045288,28.6473245620728,20.1836738586426,44.021276473999,0,53.2375183105469,36.5757579803467,28.5168542861938,30.3545455932617,33.9880962371826,23.8358850479126,25.7482643127441,32.4421052932739,29.8773241043091,28.4659090042114,42.972972869873,41.2222232818604,34.7064228057861,55.8918933868408,41.2461795806885,27.2698411941528,24.396824836731,31.3695650100708,27.4485683441162,26.4602813720703,41.9791660308838,67.5616436004639,27.6653184890747,24.5723886489868,39.791072845459,45.2552165985107,27.0283546447754,37.2405052185059,31.0625,27.7363080978394,23.1686334609985,31.2292718887329,34.2779121398926,30.4394226074219,28.9411764144897,31.1392393112183,48.2175350189209,27.5106382369995,25.5778474807739,37.0989017486572,31,51.0322666168213,34.4814825057983,24.6413040161133,23.9642858505249,32.6190481185913,29.4272804260254,38.6415767669678,29.0561800003052,34.2083339691162,41.815788269043,29.8314609527588,30.8684206008911,28.5980386734009,39.3181800842285,20.76247215271,32.3758516311646,31.2577323913574,30.9090900421143,58.6216220855713,32.0259742736816,39.7734622955322,32.3652219772339,55.4864864349365,26.5636367797852,42.1295299530029,28.514702796936,30.7965812683105,24.0860958099365,33.8999881744385,35.974949836731,34.6835441589355,33.1666669845581,38.9795188903809,42.9610385894775,33.0588226318359,40.8266658782959,34.7559566497803,23.2403841018677,39.3295459747314,26.1666660308838,20.601770401001,31.7659578323364,40.2051277160645,22.144474029541,37.2842102050781,51.0952377319336,29.0103092193604,51.069507598877,33.597825050354,29.1208419799805,37.1578960418701,37.8219394683838,42.5213165283203,29.6818180084229,43.5179271697998,36.40505027771,26.3795099258423,25.3913040161133,28.6223850250244,29.2769231796265
"000_NrdH",40.9620866775513,51.5223960876465,38.2972135543823,36.136155128479,53.2375183105469,0,29.0183124542236,38.075891494751,32.029239654541,43.653507232666,48.8239641189575,53.5566635131836,63.065788269043,49.2401638031006,38.1398410797119,48.9623584747314,53.1486492156982,58.7284450531006,52.5,29.247220993042,41.3526315689087,43.5232200622559,30.820948600769,50.2743911743164,46.3018569946289,62.0643272399902,49.3386392593384,50.2421054840088,64.9577445983887,28.3744668960571,68.2631587982178,31.5290775299072,31.1480646133423,34.0394744873047,58.5015563964844,57.5788059234619,56.3209648132324,35.9635076522827,58.6335506439209,39.8925428390503,54.4862575531006,58.2275524139404,34.8042268753052,50.1258583068848,36.4611186981201,35.7891941070557,35.4480247497559,63.7544231414795,48.0017547607422,44.5767889022827,54.7902069091797,49.2021980285645,34.3125419616699,50.4219846725464,30.9157905578613,46.8299226760864,45.4863109588623,54.5408229827881,54.2051639556885,53.2695846557617,48.9473695755005,54.5247211456299,31.4736843109131,52.4150829315186,45.7638893127441,47.9047231674194,34.5526313781738,50.1386165618896,49.4084510803223,39.7448711395264,55.9054050445557,31.2201480865479,55.2295722961426,29.0732269287109,61.4242153167725,54.3935413360596,39.5369958877563,47.6689300537109,35.5511684417725,40.6613731384277,33.5918254852295,34.7955455780029,28.3671522140503,46.4260177612305,45.3447380065918,32.4368410110474,41.4856653213501,35.6311445236206,56.8492822647095,53.6790390014648,41.7209968566895,48.0673942565918,39.4600305557251,34.7829093933105,39.0725154876709,48.7795639038086,52.4912281036377,61.7644748687744,41.6851615905762,50.9076137542725,66.5405254364014,47.7369899749756,54.3520069122314,29.8337678909302,51.8884735107422,62.2352466583252
"000_Trx",46.3013706207275,39.2669067382812,26.8315105438232,24.8076505661011,36.5757579803467,29.0183124542236,0,29.6484184265137,33.6931571960449,35.0804080963135,39.1936950683594,33.0129861831665,36.6586771011353,28.735631942749,36.6391630172729,28.4719095230103,39.8470592498779,44.8946704864502,37.1086959838867,32.2117118835449,34.8052806854248,47.7974681854248,24.8269596099854,42.3598155975342,43.9733333587646,54.3602867126465,30.0659341812134,34.2739725112915,36.2258062362671,28.5069799423218,25.4444446563721,30.046028137207,24.3865938186646,25.9579210281372,45.8562755584717,29.8928575515747,29.0540542602539,31.6843481063843,44.6707916259766,33.8661422729492,42.7688655853271,43.9701995849609,26.009467124939,39.8170471191406,31.0967741012573,29.3400611877441,32.9579210281372,38.0091876983643,41.630952835083,61.7183094024658,44.4537944793701,34.2177333831787,41.1482810974121,35.1761722564697,26.4889154434204,31.9565210342407,28.8910884857178,38.9621734619141,39.0304355621338,34.8999996185303,37.0540523529053,33.2999992370605,28.9795913696289,53.6512222290039,38.7199993133545,29.3548383712769,32.4914178848267,35.9686851501465,35.4133338928223,50.5915508270264,36.9166669845581,27.3230104446411,32.3466663360596,24.2349338531494,48.768892288208,47.8266201019287,32.005295753479,35.6494846343994,36.4135799407959,25.3114719390869,24.5544557571411,31.0825080871582,24.657543182373,33.911452293396,35.1367225646973,25.9802198410034,54.7777786254883,25.1689367294312,37.5453720092773,30.1630430221558,31.8645830154419,41.5764713287354,26.0045642852783,37.7446804046631,27.5477266311646,32.6316061019897,35.972601890564,45.9900989532471,29.1207475662231,36.5433959960938,38.2222213745117,42.9816436767578,38.1599998474121,25.1909856796265,41.192834854126,30.9135808944702
"001",21.3556003570557,23.2843141555786,23.4674921035767,47.9509811401367,28.5168542861938,38.075891494751,29.6484184265137,0,24.1017484664917,34.0053472518921,19.9105281829834,22.8881826400757,27.8844175338745,22.6046504974365,33.0915031433105,44.75,42.2894725799561,18.4981226921082,28.7684211730957,50.3076496124268,23.1045751571655,19.6579360961914,36.5456895828247,26.7907705307007,23.3333330154419,26.722222328186,27,20.6946783065796,37.494252204895,40.1070489883423,30.3947372436523,38.2124176025391,23.0940866470337,38.8725490570068,20.1075267791748,31.1204824447632,23.9612255096436,32.0164709091187,20.2696075439453,23.3921575546265,27.6848487854004,24.4705877304077,28.0443754196167,25.4816703796387,41.5733528137207,28.7894735336304,41.0161285400391,23.3451623916626,19.3353967666626,26.3931760787964,25.6609973907471,28.160493850708,33.8925199508667,33.1862745285034,20.7260065078735,37.7804870605469,25.6508445739746,29.7564105987549,24.0637254714966,26.5030174255371,23.3725490570068,60.5633811950684,34.0686273574829,23.6145029067993,22.9052629470825,23.119047164917,45.588493347168,27.2516689300537,29.7528085708618,24.2489194869995,49.7866668701172,27.3244781494141,24.1137256622314,24.6990623474121,22.3157110214233,21.8199644088745,23.1665115356445,25.3044242858887,46.337327003479,34.8333339691162,33.7966413497925,45.2003202438354,29.5315370559692,23.0647420883179,30.5274295806885,39.3774509429932,20.9579153060913,22.8020439147949,34.8571434020996,27.0352945327759,19.9543609619141,28.9551820755005,28.1401071548462,38.2033624649048,28.1936979293823,22.5369787216187,20.4726524353027,27.9460783004761,48.4222679138184,28.2650089263916,20.1382350921631,25.419695854187,19.5224227905273,36.9972248077393,26.0364141464233,50.7777786254883
"002",54.4871807098389,48.7042255401611,26.7002248764038,33.1381044387817,30.3545455932617,32.029239654541,33.6931571960449,24.1017484664917,0,24.9265623092651,49.6438369750977,32.4390239715576,32.5983877182007,29.9484539031982,19.9219217300415,34.168420791626,32.6444454193115,37.6184215545654,36.2718448638916,49.2604904174805,21.7957963943481,48.3333339691162,26.9080085754395,29.4089212417603,43.2749996185303,45.6216220855713,32.6764707565308,41.3333339691162,38.1456317901611,30.1456613540649,39.8069038391113,27.5787649154663,23.0568504333496,33.5968475341797,47.7866668701172,39.6365585327148,37.3164558410645,24.5686273574829,43.6891899108887,20.7344989776611,28.5885877609253,41.3066654205322,25.286865234375,44.0540542602539,29.827956199646,22.2818183898926,30.4018688201904,46.5,23.4825029373169,46.8974370956421,29.4759759902954,25.7365884780884,22.8035917282104,29.3201303482056,18.6044435501099,32.3505163192749,21.6127023696899,22.0013866424561,40.1388893127441,28.7111110687256,39.7215194702148,30.4651165008545,29.2936229705811,23.8442974090576,32.1999998092651,30.6868686676025,28.8962697982788,28.6297922134399,37.7195110321045,50.7012996673584,42.8555545806885,28.444239616394,36.2000007629395,29.1890449523926,40.2638874053955,32.9131851196289,22.5174942016602,27.4639177322388,35.9808225631714,23.4480276107788,26.8343591690063,27.5169792175293,21.792140007019,54.8648643493652,26.3555021286011,29.826732635498,54.5384616851807,25.0746612548828,26.2887382507324,31.6504850387573,28.0208330154419,41.3932590484619,26.0380458831787,34.5568084716797,29.0334997177124,27.0080728530884,41.7692317962646,47.7042255401611,35.2367715835571,23.1684875488281,36.1298713684082,43.6944427490234,34.2000007629395,22.6031293869019,40.3866672515869,27.6511631011963
"003",22.6159896850586,21.4418659210205,35.3533563613892,47.1589298248291,33.9880962371826,43.653507232666,35.0804080963135,34.0053472518921,24.9265623092651,0,30.4855346679688,26.2462472915649,34.4460382461548,36.25,37.3030309677124,38.7195110321045,47.5064926147461,34.6434555053711,37.0112361907959,52.5337886810303,28.5959587097168,57.2676048278809,37.4739065170288,28.4242420196533,20.7682709693909,39.6717166900635,42.8863639831543,21.2871570587158,43.4567909240723,41.6153411865234,44.2897396087646,49.858585357666,36.5161638259888,49.9570713043213,29.4786577224731,43.389612197876,31.7279539108276,35.4693870544434,30.3863639831543,29.623589515686,30.782639503479,32.7691621780396,37.8776750564575,31.6996059417725,39.4086141586304,37.577320098877,34.978946685791,40.7905464172363,29.5922384262085,37.7956314086914,29.8282833099365,32.5827932357788,27.079686164856,40.9699859619141,27.4377698898315,44.5119037628174,28.931492805481,35.0186738967896,25.8257570266724,42.7740039825439,29.2876119613647,40.2739715576172,35.2828273773193,30.5830001831055,40.2022466659546,41.9186038970947,55.5316867828369,34.0305376052856,36.1348304748535,26.5951890945435,46.5064926147461,35.3923091888428,28.7835493087769,34.0733432769775,36.7548904418945,37.5290393829346,31.108115196228,34.3696422576904,42.5016822814941,35.2872343063354,46.5485849380493,46.4213676452637,33.9429225921631,33.1999235153198,49.4419460296631,42.2727279663086,30.0901699066162,31.4766826629639,42.4680862426758,34.1772155761719,35.6737365722656,50.9797954559326,30.7248592376709,40.8325176239014,33.1777982711792,30.4044532775879,36.9986705780029,38.2222213745117,43.1828994750977,29.5196657180786,39.4569702148438,30.1599130630493,28.2408237457275,44.3726987838745,32.5382385253906,36.547945022583
"004",20.7172431945801,30.4113473892212,24.7905187606812,44.0992565155029,23.8358850479126,48.8239641189575,39.1936950683594,19.9105281829834,49.6438369750977,30.4855346679688,0,24.1440563201904,32.3118696212769,31.7425746917725,34.0098171234131,57.260274887085,30.9135341644287,22.8808097839355,25.6161518096924,61.6113758087158,22.1008634567261,19.4447383880615,32.0396366119385,27.0811700820923,22.826099395752,32.3514623641968,21.2954483032227,22.8012943267822,26.4411764144897,44.7137231826782,29.2958602905273,44.3284187316895,26.6654386520386,30.1216220855713,22.5180082321167,24.6725912094116,23.0893430709839,36.8664073944092,24.7524271011353,21.7871694564819,29.025673866272,33.0424518585205,27.3148527145386,26.3044528961182,41.1466178894043,30.1931810379028,49.2706394195557,19.9702272415161,25.4491567611694,25.565993309021,28.2310743331909,33.9288015365601,34.7884454727173,36.4318180084229,21.4607400894165,46.6666679382324,23.6048250198364,27.8944482803345,24.5516901016235,36.3098249435425,19.7976503372192,22.1182703971863,39.7063102722168,27.2723941802979,34.1713542938232,29.9220781326294,45.941107749939,26.2735977172852,35.3462429046631,28.2868413925171,23.2799787521362,35.4123611450195,26.5975952148438,37.2182350158691,24.888708114624,26.5643939971924,25.4298944473267,30.0859603881836,46.4494800567627,34.3111114501953,33.4838027954102,51.3186464309692,34.4346704483032,27.47682762146,39.1187953948975,46.4638338088989,20.9980411529541,25.1105136871338,28.1999998092651,28.0800008773804,32.3706369400024,23.9179611206055,30.6354169845581,42.8086967468262,27.8737859725952,23.1500730514526,25.2490768432617,24.2087631225586,54.8253593444824,26.7905397415161,22.5107765197754,29.9452800750732,29.9832744598389,43.1355819702148,24.3194637298584,21.6079635620117
"005",26.9548788070679,21.9559135437012,28.3942308425903,24.9066667556763,25.7482643127441,53.5566635131836,33.0129861831665,22.8881826400757,32.4390239715576,26.2462472915649,24.1440563201904,0,33.7256011962891,31.123589515686,31.2957744598389,24.4581394195557,34.2813577651978,21.8154697418213,27.1481561660767,34.7542839050293,23.7087087631226,17.9187841415405,36.6786518096924,26.3779392242432,31.0267543792725,29.5819025039673,23.0671062469482,27.2167310714722,25.8667135238647,38.1111106872559,25.8942108154297,30.452054977417,27.6495809555054,29.2572288513184,24.7703113555908,25.8753261566162,21.4377746582031,38.0936937332153,24.8469390869141,25.3418121337891,23.1891889572144,24.3619499206543,39.81081199646,21.9891300201416,35.4246578216553,33.4939756393433,41.4314813613892,20.5117120742798,51.8219165802002,32.5346546173096,28.0835876464844,38.2532520294189,34.4594593048096,30.0101013183594,22.9374113082886,27.3027677536011,23.7105522155762,28.7227993011475,23.9449453353882,41.4366188049316,20.8746957778931,26.1526069641113,31.3157892227173,51.6623382568359,31.7233219146729,32.0555562973022,47.240873336792,23.2845163345337,31.382022857666,21.2366771697998,25.5675678253174,33,24.5883121490479,30.1282043457031,25.3040504455566,20.7567567825317,27.6534671783447,43.466667175293,47.577465057373,26.4166660308838,40.3147792816162,52.6666660308838,36.375,25.4749279022217,50.3943672180176,33.5,21.3575038909912,46.8243236541748,25.0555553436279,26.4493246078491,43.4400005340576,29.2945594787598,28.3578939437866,49.1775150299072,39.8082180023193,21.7243480682373,22.7873401641846,28.5291261672974,49.9601020812988,22.8525972366333,26.5727272033691,24.5860061645508,28.8770236968994,40.8219165802002,25.9350643157959,23.910927772522
"006",25.2227535247803,29.1040802001953,32.6392650604248,49.5912666320801,32.4421052932739,63.065788269043,36.6586771011353,27.8844175338745,32.5983877182007,34.4460382461548,32.3118696212769,33.7256011962891,0,34.8461093902588,39.2397651672363,35.2758617401123,44.5456590652466,34.4233913421631,33.0739974975586,59.3106002807617,26.7017545700073,33.9636011123657,39.3597297668457,35.1501922607422,29.1031150817871,44.4203205108643,32.9442100524902,26.4947366714478,39.4878330230713,47.7311515808105,38.0131587982178,50.9064311981201,26.2673931121826,59.6447372436523,36.0885171890259,36.1842107772827,26.9260787963867,42.6210536956787,33.583553314209,25.1320953369141,22.9181289672852,33.4274845123291,38.4035091400146,31.9455318450928,37.8661909103394,33.062292098999,53.2527332305908,37.5267906188965,36.1578950881958,45.6171474456787,35.4576034545898,41.7576351165771,36.7738780975342,54.8055553436279,26.9984369277954,41.4549446105957,27.5101613998413,27.0647773742676,25.4413757324219,40.9109306335449,32.4078941345215,28.2355127334595,45.9078941345215,24.6623640060425,35.8222999572754,60.0559501647949,55,30.6921663284302,31.6960382461548,29.4190092086792,43.687647819519,42.6010189056396,35.9812030792236,42.5286045074463,33.2116918563843,30.7565784454346,23.8372097015381,38.1103982925415,54.912281036377,37.2644567489624,42.0057334899902,42.8832664489746,41.6043109893799,38.0652418136597,38.7729167938232,49.8289470672607,33.6626558303833,33.1075029373169,44.2421054840088,30.4800462722778,38.1423645019531,34.835467338562,47.5239524841309,53.1134185791016,28.9703636169434,30.8544082641602,30.4947366714478,37.9643573760986,53.3389720916748,31.3269882202148,38.9536619186401,29.0862398147583,30.4279642105103,56.4649124145508,22.5068922042847,34.9252004623413
"007",19.8297033309937,30.517951965332,24.222222328186,30.9756097793579,29.8773241043091,49.2401638031006,28.735631942749,22.6046504974365,29.9484539031982,36.25,31.7425746917725,31.123589515686,34.8461093902588,0,39.6800003051758,35.9444456100464,41.4303379058838,45.2274322509766,22.2942066192627,41.0987663269043,22.1136360168457,24.3658285140991,28.9662914276123,30.1715545654297,29.7365312576294,47.5336017608643,28.0894813537598,32.7249183654785,33.0730266571045,32.7983636856079,47.6707973480225,30.5769233703613,34.4736843109131,22.1869955062866,30.4955625534058,33.2905406951904,36.4488925933838,45.0148868560791,37.1257438659668,25.231707572937,31.434211730957,51.8232440948486,27.5058822631836,26.8213977813721,31.6202526092529,23.7241382598877,41.0360298156738,42.5274152755737,30.2250003814697,33.160059928894,27.2638893127441,45.7196445465088,38.8624992370605,39.3372097015381,32.9090909957886,35.5675678253174,24.9534883499146,30.9444437026978,34.3535356521606,47.7236843109131,29.4930000305176,33.9856824874878,39.6178569793701,35.581395149231,21.8900012969971,29.3684215545654,36.9577465057373,25.235294342041,23.5409622192383,25.0168762207031,35.0946378707886,31.294116973877,33.0669450759888,29.8295450210571,39.8274345397949,39.2383823394775,31.4084520339966,41.6385536193848,42.8800010681152,41.4864864349365,31.7249994277954,41.3873538970947,33.5454549789429,25.1089105606079,36.0800008773804,33.5194797515869,24.4802703857422,31.9876537322998,38.8108100891113,31.4818820953369,44.1341457366943,60.028169631958,35.521276473999,42.9841384887695,30.7088603973389,26.972053527832,33.8945264816284,36.7105274200439,44.1095886230469,27.9529418945312,49.7747573852539,35.8872966766357,33.105354309082,27.3563222885132,31.7864074707031,40.8557453155518
"008",24.2438793182373,35.2553195953369,27.9816513061523,37.245153427124,28.4659090042114,38.1398410797119,36.6391630172729,33.0915031433105,19.9219217300415,37.3030309677124,34.0098171234131,31.2957744598389,39.2397651672363,39.6800003051758,0,36.880952835083,43.9240493774414,42.6347503662109,35.8148145675659,34.9619722366333,31.9888887405396,52.3424663543701,30.8063201904297,35.3387546539307,31.516339302063,51.3666667938232,35.7999992370605,40.765079498291,35.2098770141602,28.0798797607422,56.0690059661865,29.6209878921509,22.7816095352173,26.1666669845581,37.6845874786377,33.7534236907959,41.57053565979,27.8964700698853,48.7777786254883,26.3921575546265,34.466667175293,45.3692798614502,29.2407398223877,37.3381633758545,33.7541217803955,27.1565656661987,29.8055553436279,45.3142223358154,29.3011817932129,35.5282049179077,35.9777774810791,26.1191082000732,27.6185178756714,33.5664615631104,24.0872278213501,35.0813961029053,24.9328927993774,29.2931632995605,39.9703693389893,31.0444440841675,33.4152050018311,31.1999998092651,26.8944444656372,38.9920806884766,34.0000009536743,31.4022998809814,37.9195041656494,34.9682159423828,34.3733329772949,21.5875701904297,38.3544311523438,28.5372762680054,40.9269847869873,25.9359903335571,47.2632923126221,44.7292938232422,30.6904392242432,30.5089340209961,42.7370376586914,30.7611684799194,27.8558855056763,34.0777769088745,27.7962512969971,30.5922431945801,34.0297145843506,28.5208330154419,29.6747970581055,27.6328601837158,30.3675727844238,26.0123453140259,27.8533782958984,33.3139533996582,29.7752141952515,34.5486164093018,28.3797979354858,28.7092351913452,42.2105274200439,45.3430557250977,38.3993511199951,31.237587928772,46.3377780914307,41.5617980957031,36.7172718048096,24.0515146255493,41.5873012542725,32.3199987411499
"009",41.7631587982178,54.9577445983887,27.0103092193604,35.0689649581909,42.972972869873,48.9623584747314,28.4719095230103,44.75,34.168420791626,38.7195110321045,57.260274887085,24.4581394195557,35.2758617401123,35.9444456100464,36.880952835083,0,25.4230031967163,23.9994497299194,45.9220771789551,42.4544277191162,43.0410957336426,46.2531642913818,37.2682933807373,30.1415061950684,27.5101432800293,31.4214553833008,41.3157901763916,24.6454839706421,48.1095886230469,38.222972869873,26.4741582870483,37.602032661438,36.5641031265259,31.7541666030884,21.6038188934326,49.2676067352295,27.0555019378662,40.8049392700195,26.3706893920898,34.3902444839478,35.6835441589355,50.478874206543,31.8850564956665,30.3650674819946,27.9764709472656,54.4657535552979,45.2816886901855,53.3292694091797,38.2209300994873,27.2254905700684,34.7787351608276,41.0987644195557,37.7622737884521,25.7049503326416,26.0754718780518,20.2900609970093,32.3250007629395,39.7466669082642,46.5194797515869,31.3333330154419,20.5186023712158,24.7622785568237,40.1102275848389,36.2022476196289,29.4545459747314,35.8504791259766,42.5350875854492,45.2054805755615,28.3896112442017,36.7179489135742,26.4701776504517,31.6179780960083,27.3070611953735,32.6222229003906,29.1235275268555,65.0985908508301,34.1265830993652,31.61363697052,48.7050266265869,28.2671051025391,29.1219511032104,50.1168823242188,37.6542873382568,54.8918914794922,35.397590637207,36.7808828353882,46.8354434967041,30.0229873657227,19.649561882019,38.1388883590698,25.1724138259888,32.0243902206421,23.0531606674194,41.1457195281982,33.2093019485474,45.9154930114746,56.8918914794922,25.8017244338989,55.9999980926514,41.2894735336304,22.3724136352539,27.6017036437988,21.6858997344971,28.5581398010254,26.6453199386597,57.8933334350586
"010",43.6901397705078,36.6494817733765,26.0392160415649,41.7195129394531,41.2222232818604,53.1486492156982,39.8470592498779,42.2894725799561,32.6444454193115,47.5064926147461,30.9135341644287,34.2813577651978,44.5456590652466,41.4303379058838,43.9240493774414,25.4230031967163,0,33.1783962249756,45.3055553436279,44.9534521102905,35.8461542129517,38.2400016784668,40.2820510864258,39.1930370330811,41.0424842834473,34.4877080917358,43.7222213745117,33.6354093551636,35.0000009536743,43.8439178466797,29.6217746734619,42.7160491943359,30,30.3133249282837,28.7176733016968,35.095947265625,31.0486898422241,50.474630355835,33.1717100143433,35.1794881820679,39.2702693939209,31.8250389099121,31.5121955871582,43.3590660095215,25.5061721801758,54.615385055542,49.2105255126953,51.1168823242188,34.2962961196899,31.5483865737915,47.6794872283936,41.7763156890869,47.6921100616455,27.7999992370605,23.7818174362183,23.9554386138916,33.4133329391479,50.8974342346191,44.7777786254883,28.1518983840942,30.2614479064941,30.2727270126343,43.4678583145142,45.294116973877,38.6666660308838,28.5364503860474,46.8419342041016,37.7006549835205,30.972222328186,39.7260265350342,24.2116346359253,37.8333339691162,31.2605609893799,37.9069766998291,36.8630714416504,31.0330219268799,33.8933343887329,29.7590360641479,52.3417739868164,25.4576787948608,38.8461532592773,50.1643848419189,42.2875003814697,36.5233840942383,39.3164558410645,45.7124996185303,46.81081199646,28.5365858078003,23.182822227478,44.7327537536621,27.7349395751953,37.7922077178955,19.4363641738892,46.1069660186768,40.2962970733643,41.5894107818604,27.4538908004761,33.106837272644,60.6923084259033,34.8611106872559,21.4754705429077,38.908863067627,30.9323854446411,43.1111106872559,31.4567670822144,19.155011177063
"011",28.218132019043,28.9468088150024,29.2813005447388,55.5319137573242,34.7064228057861,58.7284450531006,44.8946704864502,18.4981226921082,37.6184215545654,34.6434555053711,22.8808097839355,21.8154697418213,34.4233913421631,45.2274322509766,42.6347503662109,23.9994497299194,33.1783962249756,0,31.2394075393677,68.6950855255127,26.2517738342285,22.4182624816895,35.0484085083008,29.3604049682617,34.64768409729,27.91468334198,26.1201934814453,26.5065956115723,24.9980115890503,51.9493961334229,24.0655088424683,52.0165481567383,38.1916103363037,27.7662334442139,27.8034782409668,27.2349576950073,24.6714086532593,50.5029792785645,27.5501403808594,24.2619943618774,31.4120559692383,33.5216941833496,33.4934682846069,39.3129043579102,47.2856674194336,35.7530870437622,37.3670883178711,25.3719148635864,21.5789470672607,34.2969951629639,32.7304954528809,36.0956134796143,44.9225101470947,37.4186038970947,21.1520595550537,23.1390800476074,26.844744682312,35.7119464874268,26.8120565414429,39.5498008728027,24.7883539199829,19.8048572540283,47.547872543335,31.0477733612061,40.0834617614746,46.758358001709,58.0593490600586,25.9079666137695,45.9336605072021,24.2289514541626,26.3898792266846,43.6206817626953,25.8984146118164,36.3661975860596,29.6857261657715,28.1373310089111,31.232063293457,38.8764324188232,53.4064884185791,35.0662937164307,46.584789276123,58.9416255950928,51.1432971954346,25.3442392349243,40.9121437072754,57.8295230865479,23.5494375228882,32.7659568786621,28.3936166763306,43.7623100280762,39.3947124481201,34.5477447509766,35.8292684555054,52.4471054077148,36.011568069458,29.3752422332764,25.2818660736084,22.2805557250977,64.2852058410645,26.3829793930054,29.6283168792725,25.6171407699585,29.3852958679199,45.3932437896729,27.1423397064209,23.9404258728027
"012",24.0350284576416,27.9742660522461,27.6907215118408,34.7011489868164,55.8918933868408,52.5,37.1086959838867,28.7684211730957,36.2718448638916,37.0112361907959,25.6161518096924,27.1481561660767,33.0739974975586,22.2942066192627,35.8148145675659,45.9220771789551,45.3055553436279,31.2394075393677,0,41.8038005828857,30.0723352432251,22.598484992981,32.3877553939819,30.1389513015747,24.4158763885498,36.3446598052979,24.1014795303345,23.7583332061768,23.454213142395,36.2129192352295,35.7497777938843,36.1377353668213,32.7411756515503,30.5769233703613,24.0173177719116,22.9857845306396,29.5718364715576,41.3184223175049,30.0675678253174,31.8478260040283,34.1279067993164,39.1247615814209,33.2765951156616,29.2430124282837,37.2619047164917,29.6739130020142,44.2137641906738,25.1043481826782,30.3529405593872,23.2478628158569,31.3498163223267,38.6756753921509,34.3952074050903,38.8842105865479,33.8541669845581,45.8227863311768,34.2526321411133,37.3874292373657,27.472222328186,42.7530860900879,20.8783435821533,31.4142942428589,36.2474727630615,40.5217399597168,26.8760566711426,33.2839517593384,51.8552627563477,38.0346355438232,26.5462198257446,28.1623935699463,53.1666660308838,28.780219078064,29.0903596878052,32.4884376525879,32.1072444915771,34.6073226928711,35.7530851364136,43.2954540252686,49.0493831634521,46.4819278717041,30.8444442749023,48.0259742736816,35.9638557434082,23.9128847122192,41.7249984741211,39.5332326889038,22.3361349105835,36.5348834991455,36.380952835083,23.5935153961182,41.1590900421143,54.5789489746094,26.8932037353516,44.7117443084717,39.6705875396729,36.6412334442139,27.1197366714478,34.4059524536133,54.5128211975098,29.5660705566406,27.6993227005005,35.8094091415405,30.0633983612061,27.1875009536743,27.2022752761841,35.324275970459
"013",54.8776569366455,64.4477062225342,34.4722537994385,27.493857383728,41.2461795806885,29.247220993042,32.2117118835449,50.3076496124268,49.2604904174805,52.5337886810303,61.6113758087158,34.7542839050293,59.3106002807617,41.0987663269043,34.9619722366333,42.4544277191162,44.9534521102905,68.6950855255127,41.8038005828857,0,57.3453826904297,43.0159378051758,36.6847133636475,59.4512195587158,40.1997261047363,61.8716735839844,44.3858489990234,53.2523136138916,52.4840536117554,36.6060152053833,66.352855682373,31.6176309585571,37.283145904541,30.7464790344238,59.9633502960205,47.0766620635986,49.3661956787109,35.4011278152466,62.0950698852539,54.0845069885254,55.679967880249,61.565450668335,39.6286144256592,57.9802532196045,44.0816669464111,33.9609231948853,38.4339790344238,62.6492366790771,58.4217948913574,43.8736581802368,62.9553966522217,43.6991844177246,49.1528434753418,51.8819332122803,28.8009481430054,36.5480289459229,48.2404127120972,61.3096771240234,56.7503890991211,44.7082490921021,51.5352115631104,32.7544240951538,30.6897745132446,62.0385913848877,51.897780418396,41.3540124893188,31.0192737579346,54.6118564605713,52.5747728347778,47.7736921310425,48.8101196289062,34.3790149688721,36.1111106872559,39.7630786895752,64.3735084533691,63.564661026001,50.2769412994385,44.7111721038818,37.9250564575195,47.7263774871826,30.8910894393921,28.6746120452881,34.0800943374634,56.5229892730713,37.7717990875244,26.8380279541016,53.9665622711182,42.9447107315063,50.6426048278809,35.4266300201416,49.202465057373,48.7769641876221,40.7386913299561,32.0845069885254,44.6540412902832,54.1457824707031,61.8060302734375,70.9276390075684,33.3777656555176,55.7115669250488,64.1545066833496,56.6423473358154,36.0833339691162,32.3167781829834,64.0040264129639,42.6937522888184
"014",19.4336280822754,26.4255313873291,25.7502546310425,47.273286819458,27.2698411941528,41.3526315689087,34.8052806854248,23.1045751571655,21.7957963943481,28.5959587097168,22.1008634567261,23.7087087631226,26.7017545700073,22.1136360168457,31.9888887405396,43.0410957336426,35.8461542129517,26.2517738342285,30.0723352432251,57.3453826904297,0,22.0480003356934,34.5272178649902,24.0224933624268,22.1568632125854,31.6222229003906,26.2856817245483,22.2190475463867,38.5,38.6726722717285,37.3959064483643,37.8901233673096,26.3045978546143,48.1388893127441,23.8566312789917,34.7325582504272,26.6067419052124,32.7822217941284,26.2111110687256,22.0653591156006,24.3333330154419,37.7156858444214,28.7660827636719,24.7584543228149,34.5270519256592,29.6590909957886,48.4534873962402,28.8092584609985,22.8771934509277,31.9624633789062,22.3527450561523,24.580246925354,28.641975402832,32.9999990463257,25.7580480575562,41.9066677093506,21.328932762146,25.1111106872559,23.6947193145752,32.4415149688721,19.7076025009155,28.4747467041016,30.5,27.3501052856445,25.2001142501831,30.9350643157959,49.6760234832764,28.9588451385498,25.0112361907959,22.9887866973877,31.8858852386475,37.3297481536865,27.3333330154419,26.8019323348999,25.0240507125854,32.1898984909058,26.563307762146,28.2577028274536,46.3506164550781,31.5641031265259,37.8971385955811,42.0581188201904,31.7938423156738,26.2111110687256,32.8490629196167,39.8416652679443,22.9771823883057,23.9338064193726,40.7532472610474,21.6477270126343,24.4715213775635,27.9333333969116,28.1423606872559,40.8032855987549,26.9784250259399,27.2391395568848,24.7541790008545,31.5388889312744,45.9960317611694,23.3536643981934,29.8011102676392,33.6916351318359,31.1760177612305,40.0099411010742,23.222222328186,29.4832038879395
"015",19.5658407211304,22.3523044586182,23.8461542129517,36.6052627563477,24.396824836731,43.5232200622559,47.7974681854248,19.6579360961914,48.3333339691162,57.2676048278809,19.4447383880615,17.9187841415405,33.9636011123657,24.3658285140991,52.3424663543701,46.2531642913818,38.2400016784668,22.4182624816895,22.598484992981,43.0159378051758,22.0480003356934,0,55.7222213745117,23.1329793930054,25.8636646270752,34.0950164794922,23.7764368057251,20.3447618484497,25.2721252441406,44.1621627807617,25.4361515045166,37.6933326721191,28.8025388717651,31.0558815002441,21.5789136886597,21.2994623184204,21.57639503479,49.3943672180176,21.9482755661011,59.1944427490234,24.6642150878906,25.3568305969238,51.8421039581299,26.0011148452759,47.093334197998,31.2127666473389,34.3913040161133,66.7887344360352,49.8800010681152,24.731707572937,27.0776796340942,36.1381454467773,50.3947372436523,30.330096244812,25.7903232574463,44.5679016113281,24.3165426254272,30.6278038024902,23.3670034408569,54.6301383972168,22.6908941268921,22.0993137359619,41.8461542129517,49.3670883178711,26.7495307922363,30.1204814910889,46.6478881835938,23.4654912948608,21.4203271865845,25.5555267333984,52.6756763458252,42.7179470062256,21.7562503814697,40.375,24.875678062439,24.7272729873657,26.9702930450439,50.6493511199951,47.3424663543701,24.7142858505249,53.0555553436279,43.3165607452393,49.4864864349365,22.0527410507202,55.6301364898682,41.8243236541748,19.9178628921509,52.9210529327393,29.6396398544312,21.5865049362183,52.7012977600098,65.0422534942627,29.6111116409302,38.7169532775879,44.6133327484131,22.9515943527222,23.8876352310181,23.3600921630859,55.75,23.9662170410156,24.0744714736938,24.9791049957275,24.8239316940308,42.7466659545898,24.4257459640503,54.3661975860596
