"","000_Ars","000_DsbA","000_DsbC","000_Grx1","000_Grx4_1","000_NrdH","000_Trx","001","002","003","004","005","006","007","008","009","010","011","012","013","014","015","016","017","018","019","020","021","022","023","024","025","026","027","028","029","030","031","032","033","034","035","036","037","038","039","040","041","042","043","044","045","046","047","048","049","050","051","052","053","054","055","056","057","058","059","060","062","063","064","065","066","067","068","069","070","071","072","073","074","075","076","077","078","079","081","082","083","084","085","086","087","088","089","090","091","092","093","095","097","098","099","100","101","102","103"
"000_Ars",0,0.743915489806831,9.91031730059656,4.31992166874404,1.71112228124024,2.93712273817903,4.70070089643279,0.317027794902291,2.27718635137009,2.5959391918834,0.242965781942164,2.15199303727785,0.299656105006981,2.80973031707835,2.99968163747483,3.51742729832589,3.21974762633894,0.667922906813931,1.7695980859964,4.22081495306768,1.10177982329561,0.772340060266114,3.98486484482772,0.401031646669676,0.794655660880736,0.975964048982803,2.58770102894194,1.55144979083894,1.74118791235771,3.59150986909365,1.85699925819132,1.86051187841178,2.36128056932205,4.50931223461722,0.429567929879767,1.99457626018174,1.24466394197358,2.2968473405324,0.571043924747482,2.60440937770696,0.865545882757061,0.840404524153403,0.0992276802190766,0.541296806258568,4.95609283773195,3.51317358554402,1.84719263238605,0.70796356974682,2.1944615895274,2.84853537064888,0.957729439051018,1.38936510707177,3.06764877953351,0.425466492599877,11.5927197004267,2.8898205864351,1.18820402356803,1.37069556793603,0.920260366092183,2.62526640670493,0.826638111575349,0.131496493934062,3.58258909484456,2.77712192986066,2.99749501103987,4.21888867101394,3.42973910694646,0.324304497223942,3.48976607885374,1.17330542118307,1.49066309093417,2.68991087613803,0.568592377325455,3.26404513616924,0.216846482374407,0.930880074249597,1.43588087566798,3.54092300669347,4.20164486259815,0.893897150952963,3.38510308157161,3.43999283566609,4.24014504895171,0.412671566186294,3.24633323509581,3.81158412517086,0.832035648231038,3.34928392222167,0.717481740440615,2.16977705053098,2.41960781028815,3.70138696085979,1.48408713785831,4.41847592283269,1.66669253163269,0.831400183941607,0.703373861487332,2.11501963190861,4.21144494237269,0.821959997233034,0.97495903234967,1.42547679414255,0.344886562138711,2.78633891652138,1.03118854585447,0.572543586925004
"000_DsbA",0.743915489806831,0,10.6542327904034,3.57600617893721,0.967206791433412,2.1932072483722,3.95678540662596,1.06094328470912,1.53327086156326,1.85202370207656,0.986881271748995,2.89590852708468,1.04357159481381,2.06581482727152,2.255766147668,4.26134278813272,3.96366311614577,1.41183839662076,1.02568259618957,3.47689946326085,0.357864333488777,0.0284245704592827,3.24094935502089,0.342883843137155,0.0507401710739046,1.71987953878963,1.84378553913511,2.29536528064577,0.997272422550875,2.84759437928682,2.60091474799815,1.11659638860495,1.61736507951522,3.76539674481039,1.1734834196866,1.25066077037491,1.98857943178042,1.55293185072557,0.172871565059349,1.86049388790013,0.12163039295023,1.58432001396023,0.843143170025908,0.202618683548263,4.21217734792512,4.25708907535085,2.59110812219288,1.45187905955365,1.45054609972057,3.59245086045571,0.213813949244187,0.645449617264937,2.32373328972668,0.318448997206954,12.3366351902336,3.63373607624193,0.444288533761199,0.626780078129197,1.66417585589901,1.8813509168981,1.57055360138218,0.875411983740893,2.83867360503773,2.03320644005383,2.25357952123304,4.96280416082077,2.68582361713963,1.06821998703077,2.74585058904691,0.429389931376235,2.234578580741,1.9459953863312,1.31250786713229,2.52012964636241,0.960761972181238,1.67479556405643,0.691965385861153,2.79700751688664,3.45772937279132,0.149981661146132,2.64118759176478,2.69607734585926,3.49622955914488,1.15658705599312,2.50241774528898,3.06766863536403,1.57595113803787,2.60536843241484,0.0264337493662161,1.42586156072415,1.67569232048132,2.95747147105296,0.740171648051483,3.67456043302586,0.922777041825857,0.0874846941347762,1.44728935129416,2.85893512171544,3.46752945256586,0.0780445074262026,1.7188745221565,0.68156130433572,1.08880205194554,2.04242342671455,1.7751040356613,1.31645907673184
"000_DsbC",9.91031730059656,10.6542327904034,0,14.2302389693406,11.6214395818368,12.8474400387756,14.6110181970293,9.59328950569427,12.1875036519666,12.50625649248,9.66735151865439,7.75832426331871,9.61066119558958,12.7200476176749,12.9099989380714,6.39289000227067,6.69056967425762,9.24239439378263,11.679915386593,14.1311322536642,11.0120971238922,10.6826573608627,13.8951821454243,10.3113489472662,10.7049729614773,8.93435325161375,12.4980183295385,8.35886750975762,11.6515052129543,13.5018271696902,8.05331804240524,11.7708291790083,12.2715978699186,14.4196295352138,9.48074937071679,11.9048935607783,8.66565335862297,12.207164641129,10.481361225344,12.5147266783035,10.7758631833536,9.06991277644315,9.81108962037748,10.4516141068551,14.8664101383285,6.39714371505254,8.06312466821051,9.20235373084974,12.104778890124,7.06178192994768,10.8680467396476,11.2996824076683,12.9779660801301,10.3357837931964,1.68240239983019,7.02049671416145,11.0985213241646,11.2810128685326,8.99005693450437,12.5355837073015,9.08367918902121,9.77882080666249,13.4929063954411,12.6874392304572,12.9078123116364,5.69142862958262,13.340056407543,9.58601280337261,13.4000833794503,11.0836227217796,8.41965420966239,12.6002281767346,9.3417249232711,13.1743624367658,9.69347081822215,8.97943722634696,11.3461981762645,13.45124030729,14.1119621631947,10.8042144515495,13.2954203821682,13.3503101362626,14.1504623495483,9.49764573441026,13.1566505356924,13.7219014257674,9.07828165236552,13.2596012228182,10.6277990410372,12.0800943511275,12.3299251108847,13.6117042614563,11.3944044384549,14.3287932234292,11.5770098322292,10.7417174845382,9.20694343910922,7.79529766868795,14.1217622429693,10.7322772978296,8.93535826824689,11.3357940947391,9.56543073845785,12.6966562171179,8.87912875474209,9.33777371367155
"000_Grx1",4.31992166874404,3.57600617893721,14.2302389693406,0,2.60879938750379,1.38279893056501,0.380779227688755,4.63694946364633,2.04273531737395,1.72398247686064,4.5628874506862,6.47191470602189,4.61957777375102,1.51019135166568,1.3202400312692,7.83734896706993,7.53966929508298,4.98784457555797,2.55032358274764,0.0991067156763563,3.21814184544843,3.54758160847792,0.335056823916318,3.91889002207436,3.5252660078633,5.29588571772684,1.7322206398021,5.87137145958297,2.57873375638633,0.728411799650383,6.17692092693536,2.45940979033226,1.95864109942199,0.189390565873182,4.7494895986238,2.32534540856229,5.56458561071762,2.02307432821164,3.74887774399656,1.71551229103708,3.45437578598698,5.16032619289744,4.41914934896311,3.77862486248547,0.636171168987914,7.83309525428806,6.16711430113008,5.02788523849086,2.12546007921663,7.16845703939292,3.36219222969302,2.93055656167227,1.25227288921053,3.89445517614416,15.9126413691708,7.20974225517914,3.13171764517601,2.94922610080801,5.24018203483622,1.6946552620391,5.14655978031939,4.4514181626781,0.737332573899472,1.54279973888337,1.32242665770416,8.53881033975797,0.890182561797573,4.64422616596798,0.830155589890296,3.14661624756097,5.8105847596782,1.63001079260601,4.88851404606949,1.0558765325748,4.53676815111844,5.25080174299363,2.88404079307605,0.778998662050567,0.118276806145886,3.42602451779107,0.93481858717243,0.879928833077948,0.0797766197923266,4.73259323493033,1.07358843364823,0.508337543573175,5.15195731697507,0.970637746522366,3.60243992830342,2.15014461821306,1.90031385845589,0.618534707884244,2.83583453088572,0.0985542540886506,2.65322913711135,3.48852148480243,5.02329553023137,6.43494130065264,0.108476726371343,3.497961671511,5.29488070109371,2.89444487460149,4.66480823088275,1.53358275222265,5.3511102145985,4.89246525566904
"000_Grx4_1",1.71112228124024,0.967206791433412,11.6214395818368,2.60879938750379,0,1.22600045693878,2.98957861519255,2.02815007614253,0.566064070129844,0.884816910643153,1.95408806318241,3.86311531851809,2.01077838624722,1.09860803583811,1.28855935623459,5.22854957956613,4.93086990757918,2.37904518805417,0.0584758047561564,2.50969267182744,0.609342457944635,0.938782220974129,2.27374256358748,1.31009063457057,0.916466620359508,2.68708633022305,0.876578747701693,3.26257207207918,0.0300656311174627,1.88038758785341,3.56812153943156,0.149389597171535,0.650158288081808,2.79818995337698,2.14069021112001,0.283453978941502,2.95578622321383,0.585725059292159,1.14007835649276,0.893287096466718,0.845576398483182,2.55152680539365,1.81034996145932,1.16982547498167,3.24497055649171,5.22429586678426,3.55831491362629,2.41908585098706,0.48333930828716,4.55965765188912,0.753392842189225,0.321757174168475,1.35652649829327,1.28565578864037,13.303841981667,4.60094286767535,0.522918257672213,0.340426713304215,2.63138264733243,0.914144125464691,2.53776039281559,1.84261877517431,1.87146681360432,1.06599964862042,1.28637272979963,5.93001095225418,1.71861682570622,2.03542677846418,1.7786437976135,0.537816860057177,3.20178537217441,0.978788594897786,2.2797146585657,1.552922854929,1.92796876361465,2.64200235548984,0.27524140557226,1.82980072545323,2.49052258135791,0.81722513028728,1.67398080033136,1.72887055442585,2.52902276771147,2.12379384742654,1.53521095385557,2.10046184393062,2.54315792947128,1.63816164098143,0.993640540799628,0.458654769290735,0.708485529047906,1.99026467961955,0.227035143381929,2.70735364159244,0.0444297496075556,0.879722097298636,2.41449614272758,3.82614191314885,2.50032266113245,0.88916228400721,2.68608131358991,0.285645487097693,2.05600884337895,1.07521663528114,2.74231082709471,2.28366586816525
"000_NrdH",2.93712273817903,2.1932072483722,12.8474400387756,1.38279893056501,1.22600045693878,0,1.76357815825376,3.25415053308132,0.659936386808941,0.341183546295632,3.18008852012119,5.08911577545688,3.23677884318601,0.127392421100673,0.062558899295805,6.45455003650492,6.15687036451797,3.60504564499296,1.16752465218263,1.28369221488865,1.83534291488342,2.16478267791291,1.04774210664869,2.53609109150935,2.14246707729829,3.91308678716183,0.349421709237092,4.48857252901796,1.19593482582132,0.654387130914627,4.79412199637035,1.07661085976725,0.575842168856976,1.57218949643819,3.36669066805879,0.942546477997283,4.18178668015261,0.640275397646626,2.36607881343155,0.332713360472066,2.07157685542197,3.77752726233243,3.0363504183981,2.39582593192046,2.01897009955292,6.45029632372305,4.78431537056507,3.64508630792585,0.742661148651624,5.78565810882791,1.97939329912801,1.54775763110726,0.130526041354482,2.51165624557915,14.5298424386058,5.82694332461413,1.748918714611,1.566427170243,3.85738310427121,0.311856331474093,3.76376084975438,3.06861923211309,0.645466356665537,0.160000808318365,0.060372272860846,7.15601140919296,0.492616368767436,3.26142723540297,0.552643340674713,1.76381731699596,4.42778582911319,0.247211862040999,3.50571511550448,0.326922397990213,3.15396922055344,3.86800281242862,1.50124186251104,0.603800268514442,1.26452212441912,2.04322558722606,0.44798034339258,0.502870097487062,1.30302231077268,3.34979430436532,0.309210496916783,0.874461386991834,3.76915838641007,0.412161184042644,2.21964099773841,0.767345687648049,0.517514927890879,0.764264222680765,1.45303560032071,1.48135318465366,1.27043020654634,2.10572255423742,3.64049659966636,5.05214237008763,1.27432220419367,2.11516274094599,3.9120817705287,1.51164594403648,3.28200930031774,0.150783821657644,3.96831128403349,3.50966632510403
"000_Trx",4.70070089643279,3.95678540662596,14.6110181970293,0.380779227688755,2.98957861519255,1.76357815825376,0,5.01772869133508,2.42351454506271,2.1047617045494,4.94366667837496,6.85269393371064,5.00035700143977,1.89097057935444,1.70101925895796,8.21812819475868,7.92044852277173,5.36862380324672,2.93110281043639,0.479885943365112,3.59892107313718,3.92836083616668,0.715836051605073,4.29966924976312,3.90604523555206,5.6766649454156,2.11299986749086,6.25215068727173,2.95951298407509,1.10919102733914,6.55770015462411,2.84018901802101,2.33942032711074,0.191388661815573,5.13026882631256,2.70612463625105,5.94536483840638,2.40385355590039,4.12965697168531,2.09629151872583,3.83515501367573,5.5411054205862,4.79992857665187,4.15940409017422,0.255391941299159,8.21387448197681,6.54789352881884,5.40866446617961,2.50623930690539,7.54923626708167,3.74297145738177,3.31133578936102,1.63305211689928,4.27523440383291,16.2934205968595,7.5905214828679,3.51249687286476,3.33000532849676,5.62096126252498,2.07543448972786,5.52733900800814,4.83219739036685,1.11811180158823,1.92357896657213,1.70320588539292,8.91958956744673,1.27096178948633,5.02500539365673,1.21093481757905,3.52739547524973,6.19136398736696,2.01079002029476,5.26929327375825,1.43665576026355,4.9175473788072,5.63158097068239,3.26482002076481,1.15977788973932,0.499056033834641,3.80680374547983,1.31559781486119,1.2607080607667,0.460555847481082,5.11337246261909,1.45436766133698,0.88911677126193,5.53273654466383,1.35141697421112,3.98321915599218,2.53092384590181,2.28109308614464,0.999313935572999,3.21661375857448,0.282224973600105,3.0340083648001,3.86930071249119,5.40407475792012,6.8157205283414,0.489255954060098,3.87874089919976,5.67565992878246,3.27522410229024,5.0455874585715,1.91436197991141,5.73188944228726,5.2732444833578
"001",0.317027794902291,1.06094328470912,9.59328950569427,4.63694946364633,2.02815007614253,3.25415053308132,5.01772869133508,0,2.59421414627238,2.91296698678569,0.0740620129601268,1.83496524237556,0.0173716898953096,3.12675811198065,3.31670943237712,3.2003995034236,2.90271983143665,0.35089511191164,2.08662588089869,4.53784274796997,1.4188076181979,1.0893678551684,4.30189263973001,0.718059441571967,1.11168345578303,0.658936254080512,2.90472882384423,1.23442199593665,2.05821570726,3.90853766399595,1.53997146328903,2.17753967331407,2.67830836422434,4.82634002951951,0.112540134977476,2.31160405508404,0.927636147071293,2.61387513543469,0.888071719649773,2.92143717260925,1.18257367765935,0.523376729251112,0.217800114683214,0.858324601160859,5.27312063263424,3.19614579064173,1.53016483748376,0.390935774844529,2.51148938442969,2.53150757574659,1.27475723395331,1.70639290197406,3.3846765744358,0.742494287502169,11.2756919055245,2.57279279153281,1.50523181847032,1.68772336283832,0.603232571189892,2.94229420160723,0.509610316673058,0.185531300968229,3.89961688974686,3.09414972476295,3.31452280594216,3.90186087611164,3.74676690184875,0.00727670232165067,3.80679387375603,1.49033321608536,1.17363529603188,3.00693867104032,0.251564582423164,3.58107293107153,0.100181312527884,0.613852279347306,1.75290867057027,3.85795080159576,4.51867265750044,1.21092494585525,3.7021308764739,3.75702063056838,4.557172843854,0.0956437712840028,3.5633610299981,4.12861192007315,0.515007853328747,3.66631171712396,1.03450953534291,2.48680484543327,2.73663560519044,4.01841475576208,1.8011149327606,4.73550371773498,1.98372032653498,1.1484279788439,0.386346066585041,1.79799183700631,4.52847273727498,1.13898779213532,0.657931237447379,1.74250458904484,0.0278587672364203,3.10336671142367,0.714160750952175,0.255515792022713
"002",2.27718635137009,1.53327086156326,12.1875036519666,2.04273531737395,0.566064070129844,0.659936386808941,2.42351454506271,2.59421414627238,0,0.318752840513309,2.52015213331225,4.42917938864794,2.57684245637707,0.532543965708268,0.722495286104746,5.79461364969598,5.49693397770903,2.94510925818402,0.507588265373688,1.94362860169759,1.17540652807448,1.50484629110397,1.70767849345763,1.87615470470041,1.48253069048935,3.25315040035289,0.310514677571849,3.82863614220902,0.535998439012381,1.31432351772357,4.13418560956141,0.416674472958309,0.0840942179519644,2.23212588324713,2.70675428124985,0.282610091188342,3.52185029334367,0.0196609891623147,1.70614242662261,0.327223026336874,1.41164046861303,3.11759087552349,2.37641403158916,1.73588954511152,2.67890648636186,5.79035993691411,4.12437898375613,2.98514992111691,0.0827247618426838,5.12572172201897,1.31945691231907,0.887821244298319,0.790462428163423,1.85171985877021,13.8699060517968,5.16700693780519,1.08898232780206,0.906490783434059,3.19744671746227,0.348080055334847,3.10382446294544,2.40868284530415,1.30540274347448,0.499935578490575,0.720308659669787,6.49607502238402,1.15255275557638,2.60149084859403,1.21257972748365,1.10388093018702,3.76784944230425,0.412724524767942,2.84577872869554,0.986858784799153,2.49403283374449,3.20806642561968,0.841305475702104,1.26373665532338,1.92445851122806,1.38328920041712,1.10791673020152,1.162806484296,1.96295869758162,2.68985791755638,0.969146883725724,1.53439777380077,3.10922199960113,1.07209757085158,1.55970461092947,0.107409300839109,0.142421458918061,1.42420060948971,0.793099213511773,2.1412895714626,0.6104938197374,1.44578616742848,2.98056021285742,4.39220598327869,1.93425859100261,1.45522635413705,3.25214538371976,0.851709557227537,2.6220729135088,0.509152565151297,3.30837489722455,2.84972993829509
"003",2.5959391918834,1.85202370207656,12.50625649248,1.72398247686064,0.884816910643153,0.341183546295632,2.1047617045494,2.91296698678569,0.318752840513309,0,2.83890497382556,4.74793222916125,2.89559529689038,0.213791125194959,0.403742445591437,6.11336649020928,5.81568681822234,3.26386209869733,0.826341105886996,1.62487576118428,1.49415936858779,1.82359913161728,1.38892565294432,2.19490754521372,1.80128353100266,3.5719032408662,0.00823816294145985,4.14738898272233,0.85475127952569,0.995570677210258,4.45293845007471,0.735427313471618,0.234658622561344,1.91337304273382,3.02550712176316,0.601362931701651,3.84060313385698,0.299091851350994,2.02489526713591,0.0084701858235654,1.73039330912633,3.4363437160368,2.69516687210247,2.05464238562483,2.36015364584856,6.10911277742742,4.44313182426944,3.30390276163022,0.401477602355993,5.44447456253227,1.63820975283238,1.20657408481163,0.471709587650114,2.17047269928352,14.1886588923101,5.4857597783185,1.40773516831537,1.22524362394737,3.51619955797558,0.0293272148215387,3.42257730345874,2.72743568581746,0.986649902961169,0.181182737977267,0.401555819156478,6.81482786289733,0.833799915063068,2.92024368910734,0.893826886970345,1.42263377070033,4.08660228281756,0.0939716842546332,3.16453156920885,0.668105944285845,2.8127856742578,3.52681926613299,1.16005831621541,0.944983814810074,1.60570567071476,1.70204204093043,0.789163889688211,0.844053643782694,1.64420585706831,3.00861075806969,0.650394043212415,1.21564493328747,3.42797484011443,0.753344730338275,1.87845745144278,0.426162141352417,0.176331381595247,1.1054477689764,1.11185205402508,1.82253673094929,0.929246660250708,1.76453900794179,3.29931305337073,4.710958823792,1.6155057504893,1.77397919465036,3.57089822423307,1.17046239774085,2.94082575402211,0.190399724637988,3.62712773773786,3.1684827788084
"004",0.242965781942164,0.986881271748995,9.66735151865439,4.5628874506862,1.95408806318241,3.18008852012119,4.94366667837496,0.0740620129601268,2.52015213331225,2.83890497382556,0,1.90902725533569,0.0566903230648172,3.05269609902052,3.242647419417,3.27446151638372,2.97678184439678,0.424957124871767,2.01256386793856,4.46378073500984,1.34474560523777,1.01530584220828,4.22783062676988,0.64399742861184,1.0376214428229,0.732998267040639,2.8306668108841,1.30848400889677,1.98415369429987,3.83447565103582,1.61403347624915,2.10347766035394,2.60424635126422,4.75227801655938,0.186602147937602,2.23754204212391,1.00169816003142,2.53981312247457,0.814009706689646,2.84737515964913,1.10851166469923,0.597438742211239,0.143738101723088,0.784262588200733,5.19905861967412,3.27020780360186,1.60422685044388,0.464997787804656,2.43742737146957,2.60556958870671,1.20069522099318,1.63233088901393,3.31061456147567,0.668432274542042,11.3497539184846,2.64685480449294,1.43116980551019,1.61366134987819,0.677294584150019,2.8682321886471,0.583672329633185,0.111469288008102,3.82555487678673,3.02008771180283,3.24046079298204,3.97592288907177,3.67270488888863,0.0813387152817775,3.73273186079591,1.41627120312523,1.247697308992,2.93287665808019,0.325626595383291,3.5070109181114,0.0261192995677568,0.687914292307433,1.67884665761015,3.78388878863563,4.44461064454032,1.13686293289513,3.62806886351377,3.68295861760825,4.48311083089387,0.16970578424413,3.48929901703798,4.05454990711303,0.589069866288874,3.59224970416384,0.960447522382779,2.41274283247314,2.66257359223031,3.94435274280196,1.72705291980048,4.66144170477485,1.90965831357485,1.07436596588377,0.460408079545168,1.87205384996644,4.45441072431486,1.0649257791752,0.731993250407506,1.66844257608471,0.101920780196547,3.02930469846355,0.788222763912302,0.32957780498284
"005",2.15199303727785,2.89590852708468,7.75832426331871,6.47191470602189,3.86311531851809,5.08911577545688,6.85269393371064,1.83496524237556,4.42917938864794,4.74793222916125,1.90902725533569,0,1.85233693227087,4.96172335435621,5.15167467475268,1.36543426104804,1.06775458906109,1.48407013046392,3.92159112327425,6.37280799034553,3.25377286057346,2.92433309754396,6.13685788210557,2.55302468394753,2.94664869815859,1.17602898829505,4.73969406621979,0.600543246438914,3.89318094963556,5.74350290637151,0.294993779086532,4.01250491568963,4.5132736065999,6.66130527189507,1.72242510739808,4.1465692974596,0.907329095304267,4.44884037781025,2.72303696202533,4.75640241498481,3.01753892003491,1.31158851312445,2.05276535705877,2.69328984353642,7.1080858750098,1.36118054826617,0.304800404891804,1.44402946753103,4.34645462680525,0.696542333371028,3.10972247632887,3.54135814434962,5.21964181681136,2.57745952987773,9.4407266631489,0.737827549157252,3.34019706084588,3.52268860521388,1.23173267118567,4.77725944398279,1.3253549257025,2.02049654334379,5.73458213212242,4.92911496713851,5.14948804831772,2.06689563373608,5.58173214422431,1.82768854005391,5.64175911613159,3.32529845846092,0.661329946343685,4.84190391341588,1.5834006599524,5.41603817344709,1.93514655490344,1.22111296302825,3.58787391294583,5.69291604397132,6.353637899876,3.04589018823081,5.53709611884946,5.59198587294394,6.39213808622956,1.73932147109156,5.39832627237366,5.96357716244871,1.31995738904681,5.50127695949952,2.86947477771847,4.32177008780883,4.571600847566,5.85337999813764,3.63608017513616,6.57046896011054,3.81868556891054,2.98339322121946,1.44861917579052,0.0369734053692454,6.36343797965054,2.97395303451088,1.17703400492818,3.5774698314204,1.80710647513914,4.93833195379923,1.12080449142339,1.57944945035285
"006",0.299656105006981,1.04357159481381,9.61066119558958,4.61957777375102,2.01077838624722,3.23677884318601,5.00035700143977,0.0173716898953096,2.57684245637707,2.89559529689038,0.0566903230648172,1.85233693227087,0,3.10938642208534,3.29933774248181,3.21777119331891,2.92009152133196,0.36826680180695,2.06925419100338,4.52047105807466,1.40143592830259,1.0719961652731,4.2845209498347,0.700687751676657,1.09431176588772,0.676307943975822,2.88735713394892,1.25179368583196,2.04084401736469,3.89116597410064,1.55734315318434,2.16016798341876,2.66093667432903,4.8089683396242,0.129911824872785,2.29423236518873,0.945007836966603,2.59650344553938,0.870700029754463,2.90406548271394,1.16520198776404,0.540748419146421,0.200428424787905,0.84095291126555,5.25574894273893,3.21351748053704,1.54753652737907,0.408307464739838,2.49411769453438,2.5488792656419,1.257385544058,1.68902121207875,3.36730488454049,0.725122597606859,11.2930635954198,2.59016448142812,1.48786012857501,1.67035167294301,0.620604261085202,2.92492251171192,0.526982006568367,0.16815961107292,3.88224519985155,3.07677803486764,3.29715111604686,3.91923256600695,3.72939521195345,0.0246483922169602,3.78942218386072,1.47296152619005,1.19100698592719,2.98956698114501,0.268936272318474,3.56370124117622,0.0828096226325741,0.631223969242615,1.73553698067496,3.84057911170045,4.50130096760513,1.19355325595994,3.68475918657859,3.73964894067307,4.53980115395869,0.113015461179312,3.54598934010279,4.11124023017784,0.532379543224057,3.64894002722865,1.0171378454476,2.46943315553796,2.71926391529513,4.00104306586677,1.7837432428653,4.71813202783967,1.96634863663967,1.13105628894859,0.403717756480351,1.81536352690162,4.51110104737968,1.12161610224002,0.675302927342688,1.72513289914953,0.0452304571317299,3.08599502152837,0.731532440847484,0.272887481918023
"007",2.80973031707835,2.06581482727152,12.7200476176749,1.51019135166568,1.09860803583811,0.127392421100673,1.89097057935444,3.12675811198065,0.532543965708268,0.213791125194959,3.05269609902052,4.96172335435621,3.10938642208534,0,0.189951320396478,6.32715761540424,6.02947794341729,3.47765322389229,1.04013223108196,1.41108463598933,1.70795049378275,2.03739025681224,1.17513452774936,2.40869867040868,2.01507465619762,3.78569436606116,0.222029288136419,4.36118010791729,1.06854240472065,0.781779552015299,4.66672957526967,0.949218438666577,0.448449747756303,1.69958191753886,3.23929824695812,0.81515405689661,4.05439425905194,0.512882976545953,2.23868639233087,0.205320939371394,1.94418443432129,3.65013484123176,2.90895799729743,2.26843351081979,2.1463625206536,6.32290390262238,4.6569229494644,3.51769388682517,0.615268727550951,5.65826568772723,1.85200087802734,1.42036521000659,0.257918462455155,2.38426382447848,14.4024500175051,5.69955090351346,1.62152629351032,1.43903474914233,3.72999068317054,0.18446391037342,3.6363684286537,2.94122681101242,0.77285877776621,0.0326083872176923,0.187764693961519,7.02861898809229,0.620008789868109,3.1340348143023,0.680035761775386,1.63642489589529,4.30039340801252,0.119819440940326,3.37832269440381,0.454314819090886,3.02657679945276,3.74061039132795,1.37384944141037,0.731192689615115,1.3919145455198,1.91583316612539,0.575372764493252,0.630262518587735,1.43041473187336,3.22240188326465,0.436602918017456,1.00185380809251,3.64176596530939,0.539553605143317,2.09224857663774,0.639953266547376,0.390122506790206,0.891656643781438,1.32564317922004,1.60874560575433,1.14303778544567,1.97833013313675,3.51310417856569,4.92474994898696,1.40171462529434,1.98777031984532,3.78468934942802,1.3842535229358,3.15461687921707,0.0233914005569709,3.84091886293282,3.38227390400336
"008",2.99968163747483,2.255766147668,12.9099989380714,1.3202400312692,1.28855935623459,0.062558899295805,1.70101925895796,3.31670943237712,0.722495286104746,0.403742445591437,3.242647419417,5.15167467475268,3.29933774248181,0.189951320396478,0,6.51710893580072,6.21942926381377,3.66760454428876,1.23008355147843,1.22113331559285,1.89790181417922,2.22734157720872,0.985183207352886,2.59864999080516,2.2050259765941,3.97564568645764,0.411980608532897,4.55113142831377,1.25849372511713,0.591828231618821,4.85668089566615,1.13916975906305,0.638401068152781,1.50963059714239,3.4292495673546,1.00510537729309,4.24434557944842,0.702834296942431,2.42863771272735,0.395272259767872,2.13413575471777,3.84008616162824,3.09890931769391,2.45838483121626,1.95641120025712,6.51285522301885,4.84687426986088,3.70764520722165,0.805220047947429,5.84821700812371,2.04195219842381,1.61031653040306,0.0679671420586772,2.57421514487496,14.5924013379016,5.88950222390994,1.8114776139068,1.6289860695388,3.91994200356702,0.374415230769898,3.82631974905018,3.13117813140889,0.582907457369732,0.22255970761417,0.00218662643495904,7.21857030848877,0.430057469471631,3.32398613469877,0.490084441378908,1.82637621629177,4.490344728409,0.309770761336804,3.56827401480029,0.264363498694408,3.21652811984924,3.93056171172443,1.56380076180685,0.541241369218637,1.20196322512332,2.10578448652187,0.385421444096774,0.440311198191257,1.24046341147688,3.41235320366113,0.246651597620978,0.811902487696029,3.83171728570587,0.349602284746839,2.28219989703422,0.829904586943854,0.580073827186684,0.70170532338496,1.51559449961652,1.41879428535785,1.33298910584215,2.16828145353323,3.70305549896216,5.11470126938344,1.21176330489786,2.1777216402418,3.9746406698245,1.57420484333228,3.34456819961354,0.213342720953449,4.0308701833293,3.57222522439984
"009",3.51742729832589,4.26134278813272,6.39289000227067,7.83734896706993,5.22854957956613,6.45455003650492,8.21812819475868,3.2003995034236,5.79461364969598,6.11336649020928,3.27446151638372,1.36543426104804,3.21777119331891,6.32715761540424,6.51710893580072,0,0.297679671986948,2.84950439151196,5.28702538432229,7.73824225139357,4.6192071216215,4.289767358592,7.50229214315361,3.91845894499556,4.31208295920662,2.54146324934309,6.10512832726782,1.96597750748695,5.25861521068359,7.10893716741954,1.66042804013457,5.37793917673767,5.87870786764794,8.02673953294311,3.08785936844612,5.51200355850763,2.2727633563523,5.81427463885829,4.08847122307337,6.12183667603285,4.38297318108295,2.67702277417249,3.41819961810681,4.05872410458446,8.47352013605784,0.00425371278186759,1.67023466593984,2.80946372857907,5.71188888785329,0.668891927677009,4.47515673737691,4.90679240539766,6.5850760778594,3.94289379092577,8.07529240210086,0.627606711890785,4.70563132189392,4.88812286626192,2.5971669322337,6.14269370503082,2.69078918675054,3.38593080439183,7.10001639317045,6.29454922818655,6.51492230936576,0.701461372688048,6.94716640527235,3.19312280110195,7.00719337717963,4.69073271950895,2.02676420739172,6.20733817446392,2.94883492100043,6.78147243449513,3.30058081595148,2.58654722407629,4.95330817399387,7.05835030501936,7.71907216092404,4.41132444927885,6.9025303798975,6.95742013399198,7.7575723472776,3.10475573213959,6.7637605334217,7.32901142349675,2.68539165009485,6.86671122054756,4.2349090387665,5.68720434885687,5.93703510861404,7.21881425918568,5.0015144361842,7.93590322115858,5.18411982995858,4.3488274822675,2.81405343683856,1.40240766641728,7.72887224069858,4.33938729555892,2.54246826597622,4.94290409246844,3.17254073618718,6.30376621484727,2.48623875247142,2.94488371140088
"010",3.21974762633894,3.96366311614577,6.69056967425762,7.53966929508298,4.93086990757918,6.15687036451797,7.92044852277173,2.90271983143665,5.49693397770903,5.81568681822234,2.97678184439678,1.06775458906109,2.92009152133196,6.02947794341729,6.21942926381377,0.297679671986948,0,2.55182471952501,4.98934571233534,7.44056257940662,4.32152744963455,3.99208768660505,7.20461247116666,3.62077927300862,4.01440328721968,2.24378357735614,5.80744865528088,1.6682978355,4.96093553869665,6.81125749543259,1.36274836814762,5.08025950475072,5.58102819566099,7.72905986095616,2.79017969645917,5.21432388652068,1.97508368436536,5.51659496687134,3.79079155108642,5.8241570040459,4.085293509096,2.37934310218554,3.12051994611986,3.76104443259751,8.17584046407089,0.293425959205081,1.37255499395289,2.51178405659212,5.41420921586634,0.371212255690061,4.17747706538996,4.60911273341071,6.28739640587245,3.64521411893882,8.37297207408781,0.329927039903836,4.40795164990697,4.59044319427497,2.29948726024676,5.84501403304387,2.39310951476359,3.08825113240488,6.8023367211835,5.9968695561996,6.21724263737881,0.999141044674996,6.6494867332854,2.895443129115,6.70951370519268,4.39305304752201,1.72908453540477,5.90965850247697,2.65115524901348,6.48379276250818,3.00290114396453,2.28886755208934,4.65562850200692,6.76067063303241,7.42139248893709,4.1136447772919,6.60485070791055,6.65974046200503,7.45989267529065,2.80707606015265,6.46608086143475,7.0313317515098,2.3877119781079,6.56903154856061,3.93722936677955,5.38952467686992,5.63935543662709,6.92113458719873,4.70383476419725,7.63822354917163,4.88644015797163,4.05114781028055,2.51637376485161,1.10472799443033,7.43119256871163,4.04170762357197,2.24478859398927,4.64522442048149,2.87486106420023,6.00608654286032,2.18855908048447,2.64720403941394
"011",0.667922906813931,1.41183839662076,9.24239439378263,4.98784457555797,2.37904518805417,3.60504564499296,5.36862380324672,0.35089511191164,2.94510925818402,3.26386209869733,0.424957124871767,1.48407013046392,0.36826680180695,3.47765322389229,3.66760454428876,2.84950439151196,2.55182471952501,0,2.43752099281033,4.88873785988161,1.76970273010954,1.44026296708005,4.65278775164165,1.06895455348361,1.46257856769467,0.308041142168872,3.25562393575587,0.883526884025006,2.40911081917164,4.25943277590759,1.18907635137739,2.52843478522571,3.02920347613598,5.17723514143115,0.238354976934165,2.66249916699568,0.576741035159653,2.96477024734633,1.23896683156141,3.27233228452089,1.53346878957099,0.172481617339471,0.568695226594855,1.2092197130725,5.62401574454588,2.84525067873009,1.17926972557212,0.0400406629328884,2.86238449634133,2.18061246383495,1.62565234586495,2.0572880138857,3.73557168634744,1.09338939941381,10.9247967936128,2.22189767962117,1.85612693038196,2.03861847474996,0.252337459278252,3.29318931351887,0.158715204761418,0.536426412879869,4.2505120016585,3.44504483667459,3.66541791785381,3.5509657642,4.0976620137604,0.34361840958999,4.15768898566767,1.841228327997,0.822740184120235,3.35783378295196,0.0993305294884763,3.93196804298317,0.451076424439524,0.262957167435665,2.10380378248191,4.2088459135074,4.86956776941208,1.56182005776689,4.05302598838554,4.10791574248002,4.90806795576564,0.255251340627638,3.91425614190974,4.47950703198479,0.164112741417107,4.0172068290356,1.38540464725455,2.83769995734491,3.08753071710208,4.36930986767372,2.15201004467225,5.08639882964662,2.33461543844662,1.49932309075554,0.0354509546734008,1.44709672509467,4.87936784918663,1.48988290404696,0.307036125535738,2.09339970095648,0.32303634467522,3.45426182333532,0.363265639040534,0.0953793198889272
"012",1.7695980859964,1.02568259618957,11.679915386593,2.55032358274764,0.0584758047561564,1.16752465218263,2.93110281043639,2.08662588089869,0.507588265373688,0.826341105886996,2.01256386793856,3.92159112327425,2.06925419100338,1.04013223108196,1.23008355147843,5.28702538432229,4.98934571233534,2.43752099281033,0,2.45121686707128,0.667818262700791,0.997258025730286,2.21526675883132,1.36856643932672,0.974942425115664,2.7455621349792,0.818102942945536,3.32104787683534,0.0284101736386937,1.82191178309725,3.62659734418772,0.0909137924153782,0.591682483325652,2.73971414862082,2.19916601587617,0.224978174185345,3.01426202796998,0.527249254536002,1.19855416124892,0.834811291710562,0.904052203239338,2.6100026101498,1.86882576621548,1.22830127973783,3.18649475173555,5.28277167154042,3.61679071838245,2.47756165574322,0.424863503531004,4.61813345664528,0.811868646945381,0.380232978924631,1.29805069353711,1.34413159339652,13.3623177864231,4.6594186724315,0.58139406242837,0.398902518060371,2.68985845208858,0.855668320708535,2.59623619757175,1.90109457993046,1.81299100884817,1.00752384386426,1.22789692504347,5.98848675701034,1.66014102095006,2.09390258322034,1.72016799285734,0.596292664813333,3.26026117693057,0.920312790141629,2.33819046332185,1.49444705017284,1.98644456837081,2.700478160246,0.333717210328416,1.77132492069707,2.43204677660175,0.875700935043437,1.61550499557521,1.67039474966969,2.47054696295531,2.18226965218269,1.47673514909941,2.04198603917446,2.60163373422744,1.57968583622527,1.05211634555578,0.400178964534579,0.650009724291749,1.93178887486339,0.285510948138086,2.64887783683629,0.102905554363712,0.938197902054792,2.47297194748373,3.88461771790501,2.44184685637629,0.947638088763366,2.74455711834607,0.344121291853849,2.11448464813511,1.01674083052498,2.80078663185087,2.3421416729214
"013",4.22081495306768,3.47689946326085,14.1311322536642,0.0991067156763563,2.50969267182744,1.28369221488865,0.479885943365112,4.53784274796997,1.94362860169759,1.62487576118428,4.46378073500984,6.37280799034553,4.52047105807466,1.41108463598933,1.22113331559285,7.73824225139357,7.44056257940662,4.88873785988161,2.45121686707128,0,3.11903512977207,3.44847489280157,0.235950108239962,3.819783306398,3.42615929218695,5.19677900205048,1.63311392412574,5.77226474390662,2.47962704070997,0.629305083974026,6.077814211259,2.3603030746559,1.85953438374563,0.288497281549539,4.65038288294745,2.22623869288594,5.46547889504127,1.92396761253528,3.6497710283202,1.61640557536072,3.35526907031062,5.06121947722108,4.32004263328676,3.67951814680911,0.735277884664271,7.7339885386117,6.06800758545373,4.9287785228145,2.02635336354028,7.06935032371656,3.26308551401666,2.83144984599591,1.15316617353417,3.7953484604678,15.8135346534944,7.11063553950278,3.03261092949965,2.85011938513165,5.14107531915986,1.59554854636275,5.04745306464303,4.35231144700174,0.638225858223116,1.44369302320702,1.22331994202781,8.43970362408162,0.791075846121217,4.54511945029162,0.73104887421394,3.04750953188461,5.71147804400185,1.53090407692965,4.78940733039314,0.95676981689844,4.43766143544209,5.15169502731728,2.7849340773997,0.679891946374211,0.0191700904695296,3.32691780211472,0.835711871496073,0.780822117401591,0.0193300958840297,4.63348651925397,0.974481717971869,0.409230827896819,5.05285060129872,0.871531030846009,3.50333321262707,2.0510379025367,1.80120714277953,0.519427992207888,2.73672781520937,0.197660969765007,2.55412242143499,3.38941476912607,4.92418881455501,6.33583458497629,0.00937001069498677,3.39885495583465,5.19577398541735,2.79533815892513,4.56570151520639,1.4344760365463,5.25200349892215,4.79335853999268
"014",1.10177982329561,0.357864333488777,11.0120971238922,3.21814184544843,0.609342457944635,1.83534291488342,3.59892107313718,1.4188076181979,1.17540652807448,1.49415936858779,1.34474560523777,3.25377286057346,1.40143592830259,1.70795049378275,1.89790181417922,4.6192071216215,4.32152744963455,1.76970273010954,0.667818262700791,3.11903512977207,0,0.329439763029495,2.88308502153211,0.700748176625932,0.307124162414873,2.07774387227841,1.48592120564633,2.65322961413455,0.639408089062098,2.48973004579805,2.95877908148693,0.75873205511617,1.25950074602644,3.40753241132161,1.53134775317537,0.892796436886137,2.34644376526919,1.19506751723679,0.530735898548127,1.50262955441135,0.236233940538547,1.94218434744901,1.20100750351468,0.56048301703704,3.85431301443634,4.61495340883963,2.94897245568166,1.80974339304243,1.0926817662318,3.95031519394449,0.14405038424459,0.28758528377616,1.9658689562379,0.676313330695731,12.6944995237224,3.99160040973071,0.0864242002724218,0.26891574464042,2.02204018938779,1.52348658340933,1.92841793487096,1.23327631722967,2.48080927154896,1.67534210656505,1.89571518774427,5.32066849430954,2.32795928365086,1.42608432051955,2.38798625555813,0.071525597887458,2.59244291422977,1.58813105284242,1.67037220062106,2.16226531287363,1.31862630567002,2.03265989754521,0.334101052372375,2.43914318339786,3.09986503930254,0.207882672342645,2.283323258276,2.33821301237048,3.1383652256561,1.5144513894819,2.1445534118002,2.70980430187525,1.93381547152665,2.24750409892606,0.384298082854993,1.06799722723537,1.31782798699254,2.59960713756418,0.382307314562706,3.31669609953708,0.564912708337079,0.270379639354001,1.80515368478294,3.21679945520421,3.10966511907709,0.279819826062575,2.07673885564528,0.323696970846942,1.44666638543432,1.68455909322578,2.13296836915007,1.67432341022061
